255 255 255 255 255 255 255 255 255 255 255 255 255 255 255 255
255  73  40  40  40  60 255 208  40 114  60  40  40  40  73 255
255  40 213 151 206  24 156  81 118  88  24 206 151 213  40 255
255  40 151   0 135  24  93  60 247  88  24 135   0 151  40 255
255  40 206 135 199  24 166 162 149 177  24 199 135 206  40 255
255  60  24  24  24  46 103 186 204 103  46  24  24  24  60 255
255 114  88  88 177  88  88 187 124 197 239 166  93 156 255 255
255  40 174   2 255 186  56 199  44  88 255  26 249  23 255 255
255 208  56   2 255 204 124  87  87  19 236 120 249  23 255 255
255 255 187 250 177  88  30 236 236  88 255 214 252 167 255 255
255  60  24  24  24  46  88 199  19 239  46 244 247   0 255 255
255  40 206 135 199  24 177 106 106 208 242 128   0  71  40 255
255  40 151   0 135  24  88 193 199   0   7 139   8 151 255 255
255  40 213 151 206  24  88   0  81  99 231 255 100 151 255 255
255  73  40  40  40  60 114 208  40 114 255 255 255 127 255 255
255 255 255 255 255 255 255 255 255 255 255 255 255 255 255 255
255 255 255 255 255 255 255 255 255 255 255 255 255 255 255 255
255  73  40  40  40  60 255 208  40 114  60  40  40  40  73 255
255  40 213 151 206  24 156  81 118  88  24 206 151 213  40 255
255  40 151   0 135  24  93  60 247  88  24 135   0 151  40 255
255  40 206 135 199  24 166 162 149 177  24 199 135 206  40 255
255  60  24  24  24  46 103 186 204 103  46  24  24  24  60 255
255 114  88  88 177  88  88 187 124 197 239 166  93 156 255 255
255  40 174   2 255 186  56 199  44  88 255  26 249  23 255 255
255 208  56   2 255 204 124  87  87  19 236 120 249  23 255 255
255 255 187 250 177  88  30 236 236  88 255 214 252 167 255 255
255  60  24  24  24  46  88 199  19 239  46 244 247   0 255 255
255  40 206 135 199  24 177 106 106 208 242 128   0  71  40 255
255  40 151   0 135  24  88 193 199   0   7 139   8 151 255 255
255  40 213 151 206  24  88   0  81  99 231 255 100 151 255 255
255  73  40  40  40  60 114 208  40 114 255 255 255 127 255 255
255 255 255 255 255 255 255 255 255 255 255 255 255 255 255 255
255 255 255 255 255 255 255 255 255 255 255 255 255 255 255 255
255  73  40  40  40  60 255 208  40 114  60  40  40  40  73 255
255  40 213 151 206  24 156  81 118  88  24 206 151 213  40 255
255  40 151   0 135  24  93  60 247  88  24 135   0 151  40 255
255  40 206 135 199  24 166 162 149 177  24 199 135 206  40 255
255  60  24  24  24  46 103 186 204 103  46  24  24  24  60 255
255 114  88  88 177  88  88 187 124 197 239 166  93 156 255 255
255  40 174   2 255 186  56 199  44  88 255  26 249  23 255 255
255 208  56   2 255 204 124  87  87  19 236 120 249  23 255 255
255 255 187 250 177  88  30 236 236  88 255 214 252 167 255 255
255  60  24  24  24  46  88 199  19 239  46 244 247   0 255 255
255  40 206 135 199  24 177 106 106 208 242 128   0  71  40 255
255  40 151   0 135  24  88 193 199   0   7 139   8 151 255 255
255  40 213 151 206  24  88   0  81  99 231 255 100 151 255 255
255  73  40  40  40  60 114 208  40 114 255 255 255 127 255 255
255 255 255 255 255 255 255 255 255 255 255 255 255 255 255 255

255 255 255 255 255 255 255 255 255 255 255 255 255 255 255 255
255  73  40  40  40  60 255 255 255 255 255  40 255 255 255 255
255  40 213 151 206  24 156  23  23 167   0  71 151 151 127 255
255  40 151   0 135  24  93 249 249 252 247   0   8 100 255 255
255  40 206 135 199  24 166  26 120 214 244 128 139 255 255 255
255  60  24  24  24  46 239 255 236 255  46 242   7 231 255 255
255 114  88  88 177 103 197  88  19  88 239 208   0  99 114 255
255  40 118 247 149 204 124  44  87 236  19 106 199  81  40 255
255 208  81  60 162 186 187 199  87 236 199 106 193   0 208 255
255 255 156  93 166 103  88  56 124  30  88 177  88  88 114 255
255  60  24  24  24  46  88 186 204  88  46  24  24  24  60 255
255  40 206 135 199  24 177 255 255 177  24 199 135 206  40 255
255  40 151   0 135  24  88   2   2 250  24 135   0 151  40 255
255  40 213 151 206  24  88 174  56 187  24 206 151 213  40 255
255  73  40  40  40  60 114  40 208 255  60  40  40  40  73 255
255 255 255 255 255 255 255 255 255 255 255 255 255 255 255 255
255 255 255 255 255 255 255 255 255 255 255 255 255 255 255 255
255  73  40  40  40  60 255 255 255 255 255  40 255 255 255 255
255  40 213 151 206  24 156  23  23 167   0  71 151 151 127 255
255  40 151   0 135  24  93 249 249 252 247   0   8 100 255 255
255  40 206 135 199  24 166  26 120 214 244 128 139 255 255 255
255  60  24  24  24  46 239 255 236 255  46 242   7 231 255 255
255 114  88  88 177 103 197  88  19  88 239 208   0  99 114 255
255  40 118 247 149 204 124  44  87 236  19 106 199  81  40 255
255 208  81  60 162 186 187 199  87 236 199 106 193   0 208 255
255 255 156  93 166 103  88  56 124  30  88 177  88  88 114 255
255  60  24  24  24  46  88 186 204  88  46  24  24  24  60 255
255  40 206 135 199  24 177 255 255 177  24 199 135 206  40 255
255  40 151   0 135  24  88   2   2 250  24 135   0 151  40 255
255  40 213 151 206  24  88 174  56 187  24 206 151 213  40 255
255  73  40  40  40  60 114  40 208 255  60  40  40  40  73 255
255 255 255 255 255 255 255 255 255 255 255 255 255 255 255 255
255 255 255 255 255 255 255 255 255 255 255 255 255 255 255 255
255  73  40  40  40  60 255 255 255 255 255  40 255 255 255 255
255  40 213 151 206  24 156  23  23 167   0  71 151 151 127 255
255  40 151   0 135  24  93 249 249 252 247   0   8 100 255 255
255  40 206 135 199  24 166  26 120 214 244 128 139 255 255 255
255  60  24  24  24  46 239 255 236 255  46 242   7 231 255 255
255 114  88  88 177 103 197  88  19  88 239 208   0  99 114 255
255  40 118 247 149 204 124  44  87 236  19 106 199  81  40 255
255 208  81  60 162 186 187 199  87 236 199 106 193   0 208 255
255 255 156  93 166 103  88  56 124  30  88 177  88  88 114 255
255  60  24  24  24  46  88 186 204  88  46  24  24  24  60 255
255  40 206 135 199  24 177 255 255 177  24 199 135 206  40 255
255  40 151   0 135  24  88   2   2 250  24 135   0 151  40 255
255  40 213 151 206  24  88 174  56 187  24 206 151 213  40 255
255  73  40  40  40  60 114  40 208 255  60  40  40  40  73 255
255 255 255 255 255 255 255 255 255 255 255 255 255 255 255 255

255 255 255 255 255 255 255 255 255 255 255 255 255 255 255 255
255 255 127 255 255 255 114  40 208 114  60  40  40  40  73 255
255 255 151 100 255 231  99  81   0  88  24 206 151 213  40 255
255 255 151   8 139   7   0 199 193  88  24 135   0 151  40 255
255  40  71   0 128 242 208 106 106 177  24 199 135 206  40 255
255 255   0 247 244  46 239  19 199  88  46  24  24  24  60 255
255 255 167 252 214 255  88 236 236  30  88 177 250 187 255 255
255 255  23 249 120 236  19  87  87 124 204 255   2  56 208 255
255 255  23 249  26 255  88  44 199  56 186 255   2 174  40 255
255 255 156  93 166 239 197 124 187  88  88 177  88  88 114 255
255  60  24  24  24  46 103 204 186 103  46  24  24  24  60 255
255  40 206 135 199  24 177 149 162 166  24 199 135 206  40 255
255  40 151   0 135  24  88 247  60  93  24 135   0 151  40 255
255  40 213 151 206  24  88 118  81 156  24 206 151 213  40 255
255  73  40  40  40  60 114  40 208 255  60  40  40  40  73 255
255 255 255 255 255 255 255 255 255 255 255 255 255 255 255 255
255 255 255 255 255 255 255 255 255 255 255 255 255 255 255 255
255 255 127 255 255 255 114  40 208 114  60  40  40  40  73 255
255 255 151 100 255 231  99  81   0  88  24 206 151 213  40 255
255 255 151   8 139   7   0 199 193  88  24 135   0 151  40 255
255  40  71   0 128 242 208 106 106 177  24 199 135 206  40 255
255 255   0 247 244  46 239  19 199  88  46  24  24  24  60 255
255 255 167 252 214 255  88 236 236  30  88 177 250 187 255 255
255 255  23 249 120 236  19  87  87 124 204 255   2  56 208 255
255 255  23 249  26 255  88  44 199  56 186 255   2 174  40 255
255 255 156  93 166 239 197 124 187  88  88 177  88  88 114 255
255  60  24  24  24  46 103 204 186 103  46  24  24  24  60 255
255  40 206 135 199  24 177 149 162 166  24 199 135 206  40 255
255  40 151   0 135  24  88 247  60  93  24 135   0 151  40 255
255  40 213 151 206  24  88 118  81 156  24 206 151 213  40 255
255  73  40  40  40  60 114  40 208 255  60  40  40  40  73 255
255 255 255 255 255 255 255 255 255 255 255 255 255 255 255 255
255 255 255 255 255 255 255 255 255 255 255 255 255 255 255 255
255 255 127 255 255 255 114  40 208 114  60  40  40  40  73 255
255 255 151 100 255 231  99  81   0  88  24 206 151 213  40 255
255 255 151   8 139   7   0 199 193  88  24 135   0 151  40 255
255  40  71   0 128 242 208 106 106 177  24 199 135 206  40 255
255 255   0 247 244  46 239  19 199  88  46  24  24  24  60 255
255 255 167 252 214 255  88 236 236  30  88 177 250 187 255 255
255 255  23 249 120 236  19  87  87 124 204 255   2  56 208 255
255 255  23 249  26 255  88  44 199  56 186 255   2 174  40 255
255 255 156  93 166 239 197 124 187  88  88 177  88  88 114 255
255  60  24  24  24  46 103 204 186 103  46  24  24  24  60 255
255  40 206 135 199  24 177 149 162 166  24 199 135 206  40 255
255  40 151   0 135  24  88 247  60  93  24 135   0 151  40 255
255  40 213 151 206  24  88 118  81 156  24 206 151 213  40 255
255  73  40  40  40  60 114  40 208 255  60  40  40  40  73 255
255 255 255 255 255 255 255 255 255 255 255 255 255 255 255 255

255 255 255 255 255 255 255 255 255 255 255 255 255 255 255 255
255  73  40  40  40  60 255 208  40 114  60  40  40  40  73 255
255  40 213 151 206  24 187  56 174  88  24 206 151 213  40 255
255  40 151   0 135  24 250   2   2  88  24 135   0 151  40 255
255  40 206 135 199  24 177 255 255 177  24 199 135 206  40 255
255  60  24  24  24  46  88 204 186  88  46  24  24  24  60 255
255 114  88  88 177  88  30 124  56  88 103 166  93 156 255 255
255 208   0 193 106 199 236  87 199 187 186 162  60  81 208 255
255  40  81 199 106  19 236  87  44 124 204 149 247 118  40 255
255 114  99   0 208 239  88  19  88 197 103 177  88  88 114 255
255 255 231   7 242  46 255 236 255 239  46  24  24  24  60 255
255 255 255 139 128 244 214 120  26 166  24 199 135 206  40 255
255 255 100   8   0 247 252 249 249  93  24 135   0 151  40 255
255 127 151 151  71   0 167  23  23 156  24 206 151 213  40 255
255 255 255 255  40 255 255 255 255 255  60  40  40  40  73 255
255 255 255 255 255 255 255 255 255 255 255 255 255 255 255 255
255 255 255 255 255 255 255 255 255 255 255 255 255 255 255 255
255  73  40  40  40  60 255 208  40 114  60  40  40  40  73 255
255  40 213 151 206  24 187  56 174  88  24 206 151 213  40 255
255  40 151   0 135  24 250   2   2  88  24 135   0 151  40 255
255  40 206 135 199  24 177 255 255 177  24 199 135 206  40 255
255  60  24  24  24  46  88 204 186  88  46  24  24  24  60 255
255 114  88  88 177  88  30 124  56  88 103 166  93 156 255 255
255 208   0 193 106 199 236  87 199 187 186 162  60  81 208 255
255  40  81 199 106  19 236  87  44 124 204 149 247 118  40 255
255 114  99   0 208 239  88  19  88 197 103 177  88  88 114 255
255 255 231   7 242  46 255 236 255 239  46  24  24  24  60 255
255 255 255 139 128 244 214 120  26 166  24 199 135 206  40 255
255 255 100   8   0 247 252 249 249  93  24 135   0 151  40 255
255 127 151 151  71   0 167  23  23 156  24 206 151 213  40 255
255 255 255 255  40 255 255 255 255 255  60  40  40  40  73 255
255 255 255 255 255 255 255 255 255 255 255 255 255 255 255 255
255 255 255 255 255 255 255 255 255 255 255 255 255 255 255 255
255  73  40  40  40  60 255 208  40 114  60  40  40  40  73 255
255  40 213 151 206  24 187  56 174  88  24 206 151 213  40 255
255  40 151   0 135  24 250   2   2  88  24 135   0 151  40 255
255  40 206 135 199  24 177 255 255 177  24 199 135 206  40 255
255  60  24  24  24  46  88 204 186  88  46  24  24  24  60 255
255 114  88  88 177  88  30 124  56  88 103 166  93 156 255 255
255 208   0 193 106 199 236  87 199 187 186 162  60  81 208 255
255  40  81 199 106  19 236  87  44 124 204 149 247 118  40 255
255 114  99   0 208 239  88  19  88 197 103 177  88  88 114 255
255 255 231   7 242  46 255 236 255 239  46  24  24  24  60 255
255 255 255 139 128 244 214 120  26 166  24 199 135 206  40 255
255 255 100   8   0 247 252 249 249  93  24 135   0 151  40 255
255 127 151 151  71   0 167  23  23 156  24 206 151 213  40 255
255 255 255 255  40 255 255 255 255 255  60  40  40  40  73 255
255 255 255 255 255 255 255 255 255 255 255 255 255 255 255 255
